13.488364 -6.673496 2.285606 2.231630 3.387717 -0.102363 -0.124700 9.718400 
16.434468 -6.125336 2.587296 2.487154 3.846942 -0.103443 -0.126829 10.057919 
17.078253 -6.148202 2.704488 2.468141 3.969981 -0.100592 -0.127015 10.467531 
17.578946 -6.218252 2.785189 2.451909 4.046435 -0.099248 -0.127094 10.754911 
18.091011 -6.407146 2.854169 2.464117 4.099578 -0.099235 -0.127278 10.919265 
18.833813 -7.763070 3.042300 2.525865 4.303542 -0.093226 -0.128957 11.035357 
18.861598 -7.834548 3.071033 2.534962 4.401453 -0.095560 -0.129028 10.896877 
18.869313 -7.871146 3.098183 2.540659 4.482175 -0.097238 -0.129131 10.796072 
18.874840 -7.899529 3.121225 2.542572 4.550947 -0.098451 -0.129243 10.716321 
18.879712 -7.922051 3.141248 2.542809 4.610803 -0.099302 -0.129361 10.650892 
18.881712 -7.930018 3.148836 2.542659 4.633529 -0.099568 -0.129412 10.626925 
18.883734 -7.937258 3.156020 2.542424 4.655095 -0.099787 -0.129462 10.604599 
18.885800 -7.943827 3.162823 2.542133 4.675581 -0.099965 -0.129513 10.583756 
18.887921 -7.949777 3.169264 2.541804 4.695061 -0.100103 -0.129564 10.564259 
18.890110 -7.955152 3.175360 2.541454 4.713598 -0.100205 -0.129615 10.545992 
18.892373 -7.959991 3.181130 2.541091 4.731253 -0.100274 -0.129665 10.528850 
18.894715 -7.964330 3.186588 2.540725 4.748079 -0.100312 -0.129716 10.512743 
18.897140 -7.968200 3.191752 2.540359 4.764126 -0.100321 -0.129766 10.497590 
18.899649 -7.971630 3.196634 2.539998 4.779440 -0.100304 -0.129815 10.483320 
18.902244 -7.974646 3.201250 2.539644 4.794064 -0.100262 -0.129864 10.469870 
18.906019 -7.978220 3.207292 2.539161 4.813453 -0.100165 -0.129931 10.452306 
18.909956 -7.981090 3.212874 2.538693 4.831665 -0.100028 -0.129997 10.436097 
18.914051 -7.983313 3.218030 2.538240 4.848789 -0.099855 -0.130061 10.421120 
18.918295 -7.984937 3.222793 2.537799 4.864908 -0.099649 -0.130123 10.407268 
18.922681 -7.986009 3.227193 2.537367 4.880096 -0.099414 -0.130184 10.394449 
18.927197 -7.986570 3.231258 2.536942 4.894422 -0.099153 -0.130243 10.382578 
18.931835 -7.986659 3.235015 2.536521 4.907949 -0.098868 -0.130300 10.371581 
18.936582 -7.986312 3.238489 2.536100 4.920734 -0.098563 -0.130355 10.361394 
18.941430 -7.985563 3.241704 2.535678 4.932831 -0.098239 -0.130408 10.351955 
18.946367 -7.984442 3.244681 2.535253 4.944290 -0.097898 -0.130459 10.343212 
