-1.932766 -5.474924 2.708066 3.555245 -2.294086 
-4.066808 -5.761937 3.084813 4.343761 -2.474973 
-4.714832 -5.791678 3.147184 4.591305 -2.326437 
-5.194143 -5.806289 3.204155 4.754634 -2.097199 
-5.627165 -5.829525 3.275447 4.854822 -1.617525 
-6.354923 -5.903808 3.194649 4.746722 0.481298 
-6.443532 -5.889978 3.272391 4.723304 0.470502 
-6.508348 -5.891912 3.317763 4.707386 0.472358 
-6.558578 -5.895378 3.353605 4.691112 0.477841 
-6.599138 -5.898837 3.384000 4.674547 0.484745 
-6.613857 -5.900188 3.395484 4.667638 0.487815 
-6.627503 -5.901473 3.406393 4.660753 0.490945 
-6.640189 -5.902691 3.416787 4.653907 0.494109 
-6.652010 -5.903841 3.426716 4.647111 0.497289 
-6.663048 -5.904925 3.436221 4.640376 0.500471 
-6.673376 -5.905945 3.445336 4.633712 0.503644 
-6.683058 -5.906903 3.454092 4.627124 0.506800 
-6.692148 -5.907803 3.462515 4.620620 0.509933 
-6.700697 -5.908646 3.470629 4.614202 0.513038 
-6.708751 -5.909436 3.478452 4.607876 0.516111 
-6.719267 -5.910458 3.488954 4.599178 0.520355 
-6.728985 -5.911387 3.498966 4.590671 0.524527 
-6.737988 -5.912230 3.508527 4.582360 0.528624 
-6.746351 -5.912993 3.517670 4.574247 0.532644 
-6.754137 -5.913680 3.526423 4.566334 0.536588 
-6.761404 -5.914298 3.534814 4.558623 0.540455 
-6.768203 -5.914851 3.542864 4.551113 0.544246 
-6.774577 -5.915343 3.550597 4.543803 0.547964 
-6.780566 -5.915778 3.558029 4.536694 0.551610 
-6.786207 -5.916159 3.565180 4.529782 0.555185 
