12000.000000 0.028973
24000.000000 0.014095
36000.000000 0.013646
48000.000000 0.013409
60000.000000 0.013095
72000.000000 0.000346
84000.000000 0.000248
96000.000000 0.000200
108000.000000 0.000167
120000.000000 0.000142
125000.000000 0.000134
130000.000000 0.000126
135000.000000 0.000119
140000.000000 0.000113
145000.000000 0.000107
150000.000000 0.000101
155000.000000 0.000096
160000.000000 0.000092
165000.000000 0.000087
170000.000000 0.000083
177000.000000 0.000078
184000.000000 0.000074
191000.000000 0.000070
198000.000000 0.000066
205000.000000 0.000062
212000.000000 0.000059
219000.000000 0.000056
226000.000000 0.000054
233000.000000 0.000051
240000.000000 0.000049
