Error final
0.001422
Valores de pesos finales:
W1:
-3.268509 -4.111314 -4.878514 2.145037 -7.196950 2.765926 5.017797 2.865157 2.080292 -2.483176 
 b_1:
-0.764532 -1.573335 4.142289 -0.639337 -6.916658 -1.174847 7.046675 -5.235325 3.688890 3.186511 
 W2:
-1.722189 0.672421 -2.073921 -0.497244 0.703492 -0.153481 -0.392796 1.403808 2.129366 0.958402 -3.069044 -0.959958 -2.467851 0.226326 -0.356646 -0.868083 0.605135 1.243711 1.403722 -1.099245 0.937139 1.423290 -0.936005 0.454408 1.619116 -0.613839 0.993029 5.529278 -4.304846 -1.189774 0.221931 0.564102 0.830448 0.625729 -0.587113 0.342369 -0.470331 -1.525780 0.025686 1.606103 2.793141 2.197485 6.292866 -1.059624 0.780257 0.686265 0.971276 0.792113 1.057556 -3.322053 1.670078 0.919600 3.449612 0.803092 1.296792 0.885883 0.539207 1.434380 -1.556445 9.844306 4.004789 -0.501912 2.483204 -1.281812 -0.352944 0.762223 -0.454824 -0.158280 0.414674 0.127842 -3.202224 -0.825903 -3.388900 -1.223677 -1.255867 -1.527357 -0.222266 -5.785109 5.065441 0.840713 -0.575268 -0.065620 -2.960388 -1.333752 0.320800 -1.729203 0.333403 0.623109 2.449282 -0.403169 1.389008 -0.446618 -0.197548 0.070208 0.785807 1.080081 0.777078 4.313010 -2.009192 -0.584122 
 b_2:
-1.714769 0.059080 -1.410507 0.444617 1.585600 0.260303 -0.409854 -0.300621 1.062958 -0.487583 
 W3:
-6.913380 -2.945852 -8.994020 -1.449763 -0.525728 -2.952186 -1.548977 7.109802 6.750119 9.477581 
 b_3:
-0.433212 
 Vector de salida a:
0.404136 0.058679 1.140639 0.142198 0.217234 0.975507 1.121868 1.893406 1.870728 1.599546 1.364112 0.005498 0.500584 1.703540 1.359681 1.771912 0.087074 1.604015 1.994691 1.959360 0.084960 1.488367 0.995205 1.860605 0.879214 1.963627 1.967341 0.509489 0.323624 1.891337 1.256000 0.253483 1.507721 1.682915 0.785066 1.568404 0.894825 1.672195 0.282567 0.024271 1.420324 0.993701 0.743746 0.012557 1.383348 -0.032169 1.743929 0.735356 1.262351 -0.027888 1.819114 -0.052517 0.424729 1.758112 1.979163 0.108778 0.004604 1.938128 1.934437 0.256926 0.640393 1.823561 0.766501 0.444702 0.633220 1.496158 0.537437 1.280063 1.831114 0.042967 0.167051 