2.700000
2.748485
2.796970
2.845455
2.893939
2.942424
2.990909
3.039394
3.087879
3.136364
3.184848
3.233333
3.281818
3.330303
3.378788
3.427273
3.475758
3.524242
3.572727
3.621212
3.669697
3.718182
3.766667
3.815152
3.863636
3.912121
3.960606
4.009091
4.057576
4.106061
4.154545
4.203030
4.251515
4.300000
4.348485
4.396970
4.445455
4.493939
4.542424
4.590909
4.639394
4.687879
4.736364
4.784848
4.833333
4.881818
4.930303
4.978788
5.027273
5.075758
5.124242
5.172727
5.221212
5.269697
5.318182
5.366667
5.415152
5.463636
5.512121
5.560606
5.609091
5.657576
5.706061
5.754545
5.803030
5.851515
5.900000
5.948485
5.996970
6.045455
6.093939
6.142424
6.190909
6.239394
6.287879
6.336364
6.384848
6.433333
6.481818
6.530303
6.578788
6.627273
6.675758
6.724242
6.772727
6.821212
6.869697
6.918182
6.966667
7.015152
7.063636
7.112121
7.160606
7.209091
7.257576
7.306061
7.354545
7.403030
7.451515
7.500000
