0.839498
0.643196
0.439213
0.231794
0.025254
-0.176131
-0.368235
-0.547181
-0.709448
-0.851950
-0.972125
-1.067988
-1.138189
-1.182039
-1.199530
-1.191330
-1.158763
-1.103772
-1.028867
-0.937057
-0.831766
-0.716746
-0.595972
-0.473541
-0.353560
-0.240036
-0.136772
-0.047265
0.025388
0.078571
0.110221
0.118881
0.103739
0.064655
0.002161
-0.082549
-0.187650
-0.310733
-0.448867
-0.598673
-0.756414
-0.918090
-1.079543
-1.236566
-1.385011
-1.520898
-1.640518
-1.740534
-1.818063
-1.870754
-1.896852
-1.895242
-1.865481
-1.807809
-1.723144
-1.613062
-1.479754
-1.325974
-1.154965
-0.970380
-0.776185
-0.576562
-0.375797
-0.178177
0.012128
0.191163
0.355295
0.501301
0.626453
0.728583
0.806139
0.858224
0.884615
0.885765
0.862791
0.817441
0.752047
0.669459
0.572970
0.466227
0.353133
0.237743
0.124156
0.016404
-0.081652
-0.166429
-0.234718
-0.283765
-0.311351
-0.315847
-0.296264
-0.252275
-0.184229
-0.093145
0.019317
0.150895
0.298781
0.459696
0.629973
0.805648
