2.564750
2.345518
2.118295
1.887335
1.656964
1.431466
1.214979
1.011386
0.824219
0.656568
0.511007
0.389526
0.293482
0.223570
0.179805
0.161526
0.167413
0.195530
0.243371
0.307934
0.385797
0.473216
0.566218
0.660712
0.752594
0.837862
0.912716
0.973663
1.017610
1.041945
1.044606
1.024141
0.979742
0.911270
0.819262
0.704912
0.570050
0.417087
0.248957
0.069041
-0.118921
-0.310928
-0.502819
-0.690384
-0.869475
-1.036107
-1.186572
-1.317530
-1.426094
-1.509914
-1.567233
-1.596933
-1.598570
-1.572381
-1.519285
-1.440855
-1.339281
-1.217314
-1.078197
-0.925582
-0.763433
-0.595930
-0.427360
-0.262005
-0.104037
0.042591
0.174247
0.287711
0.380253
0.449707
0.494525
0.513807
0.507333
0.475557
0.419596
0.341201
0.242702
0.126952
-0.002756
-0.142775
-0.289199
-0.437973
-0.584998
-0.726240
-0.857839
-0.976210
-1.078143
-1.160885
-1.222214
-1.260502
-1.274759
-1.264656
-1.230544
-1.173439
-1.095001
-0.997492
-0.883719
-0.756960
-0.620883
-0.479449
