Error final
0.000033
Valores de pesos finales:
W1:
-0.886713 -1.427018 -1.075902 -2.390793 -1.443589 -3.404634 1.230241 0.859157 
 b_1:
6.110667 5.915481 0.713379 6.232295 10.457258 12.689344 -7.156526 -3.235759 
 W2:
3.047814 0.192405 -3.548795 -3.360240 -2.146609 3.077451 0.184303 -3.160806 -2.665366 -3.107904 -0.975357 0.706998 -0.451223 0.448453 0.045881 1.032100 6.396614 -1.477357 0.584673 -1.336588 4.346628 0.162808 -5.809628 -5.071383 -2.371512 8.832168 -3.312421 -3.144992 -1.838134 -7.878764 -4.728277 1.557237 4.551164 2.815908 4.643321 -3.254156 -1.333858 1.770397 1.077562 3.848749 
 b_2:
-1.890906 1.531743 1.409539 -0.853472 1.260217 
 W3:
-6.700665 6.245763 -4.053510 6.669398 -5.398486 
 b_3:
2.531582 
 Vector de salida a:
-0.305656 0.636574 -1.619253 -0.078700 -1.189739 -1.722369 -0.711032 -0.135995 0.025201 0.856906 -0.098587 -0.448512 0.021272 -1.894050 -1.812972 -1.197288 0.104429 0.131492 0.760880 -1.865023 0.351195 -1.384825 -0.284902 -1.070597 0.469983 -0.599875 -0.371207 0.863877 -0.917050 -0.088598 0.680598 -0.240781 -0.782503 -0.971758 0.626868 -1.179406 0.156490 0.453894 0.568701 0.448915 -0.605050 0.107904 -0.175407 0.800602 -0.184709 -0.569669 -0.249252 -0.185544 0.016378 0.065570 0.237091 -0.376277 0.810403 -1.512478 -1.738835 0.831318 0.713931 -1.479082 -1.325678 0.282533 0.001250 0.119217 -0.763932 -0.280404 -0.832465 -1.102384 0.886803 -1.236695 0.225921 0.081318 