Error final
0.000100
Valores de pesos finales:
W1:
7.289216 -2.608577 -3.621173 -2.993954 -5.091887 -4.093542 0.316147 3.371622 -4.058518 -6.048412 
 b_1:
-0.697356 4.366911 2.868388 -5.961135 -6.870646 3.518908 -1.028842 -6.668829 1.706440 -2.974678 
 W2:
-0.416817 1.307984 -1.569043 -1.125822 -1.779392 -0.268180 3.110868 2.342950 -0.771048 -0.765251 -0.739774 -2.227500 -1.840857 2.700091 0.278740 4.664726 -0.396240 1.513231 0.022773 1.189583 1.050665 -1.537964 -1.259905 2.874200 2.506568 1.239741 -0.164213 -1.909861 0.981941 0.983071 -4.584965 1.612257 1.750662 -0.519309 4.303197 -0.384374 -3.301381 -0.943767 3.761688 0.885392 2.163153 7.330155 -0.716485 0.044430 -5.170727 -0.855765 -8.487125 0.291913 -0.016615 -1.286039 0.064059 -2.238667 -2.248501 3.386651 0.383688 4.143785 0.714734 -0.503836 1.446525 1.428625 2.116146 -2.052133 1.215246 -0.310877 1.731614 -0.363272 0.377755 1.305669 -0.946811 -0.075112 2.160680 1.271324 1.505825 -0.888268 -0.238198 -5.307027 0.528576 -3.417913 0.535354 0.371123 0.867961 0.731551 1.481339 2.109505 0.765819 3.600884 -0.579059 -4.505028 -1.342072 1.348694 0.595541 1.201185 -1.296990 0.260374 0.376935 -1.220239 0.276495 -0.934681 -4.368997 -0.098293 
 b_2:
-1.780769 -2.391542 -2.034445 -2.943091 -0.940600 -2.030411 0.337596 -0.768875 1.476526 0.602666 
 W3:
3.908705 3.238627 -0.588952 -3.309310 -4.344903 6.123661 7.451942 -5.897891 -4.313557 -0.673177 
 b_3:
-0.551879 
 Vector de salida a:
0.298772 1.907019 1.000281 0.101129 1.965942 0.413308 0.617591 0.022637 1.908703 0.033614 1.000224 0.405842 0.318190 1.789099 0.755546 1.903531 0.736164 1.589376 0.753272 1.605925 0.154986 1.935450 1.843447 1.133091 1.488919 0.091215 1.998902 0.059535 0.506328 1.766968 0.164541 0.056579 0.409510 1.843275 1.943882 1.246653 1.376229 0.019548 1.372082 0.387176 0.103249 0.881206 1.590264 0.872080 0.156509 1.970343 1.938461 1.994346 0.639876 0.628815 1.703293 1.781186 0.864122 1.273662 -0.005660 0.224602 0.020634 1.373397 1.251856 1.837946 0.009197 0.219058 1.002954 0.313496 1.255906 0.020096 1.591721 1.671565 0.029844 1.007006 0.087105 