Error final
0.000049
Valores de pesos finales:
W1:
-2.423222 2.236521 -0.656705 -0.649608 -0.911587 -1.099431 -1.699037 -1.769846 
 b_1:
18.946367 -7.984442 3.244681 2.535253 4.944290 -0.097898 -0.130459 10.343212 
 W2:
10.909963 2.211144 -3.481723 -6.843062 3.999384 -6.467985 -7.975394 8.526936 7.292160 -3.976148 2.329959 1.942819 -1.331039 -2.064879 -0.253047 1.453658 1.797667 -2.217747 -0.697321 0.468079 2.878217 1.410480 -2.827363 -1.508939 0.179590 0.186360 0.166312 0.064035 -0.261057 0.600539 0.755374 -0.060571 0.509503 0.609493 -0.269192 6.754345 0.359341 -5.261167 -5.258877 -1.081467 
 b_2:
-6.786207 -5.916159 3.565180 4.529782 0.555185 
 W3:
4.001875 7.409022 -7.160840 6.650799 -7.454335 
 b_3:
2.452514 
 Vector de salida a:
-0.984644 -1.444898 0.657623 0.824191 0.393278 -0.760342 0.449798 0.421520 -1.420049 0.175300 0.287784 1.044033 0.383659 1.012661 -1.259510 0.337932 -1.170980 -0.251367 1.021209 0.471614 -0.718729 -0.711720 0.973708 -0.111867 0.474943 0.989855 -1.309804 -1.602121 1.900088 -0.479778 -0.429926 -1.082661 -0.769541 -1.505203 0.124979 0.379553 -1.080465 -1.261275 -0.887742 0.509807 -0.586230 0.003261 2.549771 0.745365 -1.089838 0.317013 -1.593615 -1.052172 0.049199 0.574196 0.830848 -0.317222 -0.618985 -1.167053 0.498787 -1.220569 0.220890 0.912904 0.650855 -1.161108 2.352158 1.041714 -0.859661 -0.135611 0.181878 -0.931986 0.500821 0.204373 0.560256 -1.232932 