Error final
0.000030
Valores de pesos finales:
W1:
-4.168476 4.775264 -8.842365 -2.756919 3.379603 -5.886882 3.521382 -3.788231 -2.221118 1.586721 
 b_1:
4.417744 8.414566 -9.347592 0.495287 1.253133 3.040424 -6.791232 -0.915055 4.150124 2.705240 
 W2:
1.916177 -1.549081 -1.040509 0.418082 0.261716 1.155091 -3.586367 -1.916321 0.268282 -4.306897 1.187892 0.842176 -4.230153 -4.250736 -7.026650 -1.295215 2.503727 0.339384 -0.767614 -0.352031 -0.305166 5.417344 5.502627 -0.535984 -2.688571 0.661830 -1.832784 0.093301 -2.079075 -0.260463 -0.198285 -1.347264 -1.537670 1.572897 1.483171 -2.826742 -1.732921 -1.798213 -1.600373 -1.448717 -0.937763 0.223043 -0.400445 -1.230487 -4.376409 2.268319 1.902649 1.278313 0.473483 2.558752 1.815236 -2.782523 -0.114998 0.741498 0.325240 1.613830 -5.243523 -2.442290 -3.168231 -4.767897 -0.404255 -2.559282 -0.272982 -0.874600 -2.127974 0.719378 3.844228 -0.110553 -1.223201 6.958183 1.272645 2.247609 0.086576 2.232775 2.658975 -3.867990 -1.133049 1.087421 -0.434112 -0.133470 1.922535 4.603540 0.899821 -0.264656 2.160464 -1.540078 -3.529542 -0.977550 -0.678410 -2.200606 -1.964325 -1.386758 -3.539404 1.471492 0.732484 0.721623 1.925515 1.808494 1.946956 -0.717730 
 b_2:
1.506011 -0.037147 -1.988796 -1.039183 1.828562 -0.085000 -1.107746 0.286782 1.057227 -0.612374 
 W3:
-0.380144 -4.836662 -5.769827 1.412665 5.508462 5.832115 4.960194 -0.682810 -1.226869 -5.710672 
 b_3:
1.479572 
 Vector de salida a:
0.096700 0.155994 0.008981 1.370070 0.409183 1.589987 1.366539 1.989771 0.752796 1.991552 1.691070 0.158346 0.745638 1.244955 1.592869 0.877518 0.227611 0.879554 0.051272 1.772547 0.099166 1.975756 1.251662 0.633338 1.852415 1.371199 1.009982 0.614163 0.050617 0.006001 1.471159 0.055737 0.997634 2.000087 0.514811 0.016377 1.128361 0.311448 0.014195 1.999674 1.116313 0.403812 0.316707 0.996906 0.409198 0.515250 1.676243 0.740195 0.329293 1.486252 1.978651 1.948496 1.902138 0.631148 1.950757 1.844359 0.237456 1.254882 1.483715 1.126492 1.903882 1.592132 1.367281 0.154210 1.584804 1.782854 0.630590 1.682495 1.845401 1.131717 0.089732 