-0.572741 -0.608747 -0.817568 0.509984 -2.388971 2.821667 0.841634 1.100911 0.547465 -0.628664 
-0.127696 -0.505931 -1.512671 0.844824 -1.314362 6.795870 0.574696 1.802749 0.349300 -0.996339 
-0.697196 -1.044389 -3.065469 1.920882 -3.867662 3.719490 1.521862 4.182112 -0.335924 -2.161033 
-1.940005 -2.219270 -3.635391 2.130981 -7.147576 2.795042 2.865620 3.276754 0.109337 -2.105920 
-2.389934 -2.577680 -4.428691 2.072060 -7.295266 2.759282 3.386936 2.823728 0.524927 -2.323100 
-2.637211 -2.974081 -4.873392 2.054301 -7.313783 2.695728 3.983935 2.789000 0.915026 -2.450303 
-2.861528 -3.404891 -5.052139 2.064558 -7.317549 2.674187 4.500728 2.843747 1.208899 -2.480216 
-3.064242 -3.757767 -5.050417 2.086472 -7.275047 2.682792 4.789745 2.877738 1.504942 -2.478114 
-3.198663 -3.979234 -4.969899 2.115594 -7.216071 2.728254 4.936227 2.878294 1.810968 -2.478929 
-3.268509 -4.111314 -4.878514 2.145037 -7.196950 2.765926 5.017797 2.865157 2.080292 -2.483176 
