4.514239 2.649571 -3.641404 -7.701175 2.064934 -1.467220 -8.980069 6.778382 6.110825 -5.818461 1.786603 2.202588 -0.687478 -1.808883 0.597727 0.933530 2.093094 -1.785777 -0.386578 0.992057 1.719158 1.825742 -2.185850 -1.125320 1.353917 0.175637 0.052499 0.100716 -0.256185 0.611658 0.755091 -0.117862 0.512592 0.609674 -0.266379 2.374184 0.809913 -3.932156 -6.039512 2.869244 
9.253374 2.363713 -3.516714 -6.607287 1.688655 -3.712031 -9.415120 7.624818 6.972484 -5.679969 2.012924 2.434221 -0.920727 -1.818632 0.450765 1.208571 2.291075 -2.045032 -0.360691 0.808721 2.336907 1.863420 -2.570619 -1.072510 1.036037 0.181994 0.118307 0.087717 -0.256468 0.601020 0.755257 -0.097049 0.511631 0.609594 -0.268229 4.951483 0.541241 -4.338193 -5.192788 2.387567 
10.103976 2.334361 -3.551642 -6.624851 1.650078 -4.374214 -9.375242 7.626293 7.276757 -5.656028 2.072486 2.400535 -0.871919 -1.909542 0.485732 1.243617 2.252456 -2.006187 -0.434300 0.851635 2.424836 1.822569 -2.494867 -1.242156 1.060930 0.182802 0.118030 0.088966 -0.258604 0.604568 0.755275 -0.096060 0.511669 0.609518 -0.267933 5.312047 0.510910 -4.302560 -5.613342 2.295657 
10.577704 2.320221 -3.614127 -6.607901 1.647029 -4.857619 -9.313304 7.658533 7.477219 -5.491260 2.090143 2.363119 -0.848356 -1.985543 0.483974 1.257332 2.203963 -1.984905 -0.496943 0.859054 2.444738 1.786244 -2.453431 -1.382971 1.039811 0.183124 0.113230 0.089434 -0.260295 0.606862 0.755281 -0.096547 0.511648 0.609462 -0.267610 5.438294 0.495516 -4.302357 -5.998248 2.124714 
10.989360 2.297525 -3.680330 -6.557084 1.727854 -5.292578 -9.249661 7.817198 7.604895 -5.015192 2.097862 2.316521 -0.902506 -2.052551 0.401264 1.265130 2.148884 -2.028402 -0.560432 0.793050 2.454357 1.741202 -2.505486 -1.504570 0.896736 0.183336 0.106038 0.086717 -0.261728 0.607968 0.755284 -0.097756 0.511365 0.609416 -0.267119 5.514917 0.472090 -4.382437 -6.315602 1.686945 
11.194249 2.223554 -3.840599 -6.661388 3.433816 -6.026201 -9.208326 8.343476 7.501300 -3.383303 2.117517 2.216641 -1.301942 -2.155328 -0.154442 1.273482 2.036647 -2.364223 -0.670860 0.409918 2.498397 1.635868 -3.023345 -1.626901 0.116318 0.183997 0.082633 0.068160 -0.262809 0.624065 0.755303 -0.104015 0.509591 0.609419 -0.261741 5.768131 0.400231 -4.747569 -6.641815 -1.106237 
11.131898 2.237376 -3.764889 -6.677511 3.552922 -6.116427 -9.070301 8.419682 7.482453 -3.415771 2.141455 2.182759 -1.315005 -2.139165 -0.212820 1.297302 2.004371 -2.352247 -0.670703 0.380359 2.538447 1.605686 -2.996633 -1.621552 0.076324 0.184348 0.086030 0.066799 -0.262626 0.619838 0.755313 -0.101323 0.509508 0.609420 -0.262646 5.904144 0.411414 -4.802918 -6.423222 -1.120502 
11.088325 2.235436 -3.721066 -6.688432 3.618854 -6.182598 -8.953224 8.456218 7.469920 -3.460956 2.164397 2.148432 -1.327366 -2.130830 -0.241680 1.318017 1.974590 -2.342973 -0.674242 0.373387 2.580439 1.577959 -2.970803 -1.615202 0.077940 0.184647 0.092036 0.065841 -0.262493 0.616209 0.755321 -0.097858 0.509456 0.609423 -0.263626 6.026118 0.407086 -4.864571 -6.253521 -1.112448 
11.054982 2.231964 -3.686489 -6.700791 3.674268 -6.233958 -8.844098 8.479140 7.455822 -3.510227 2.185443 2.118040 -1.334068 -2.124339 -0.258305 1.336086 1.948542 -2.331846 -0.678270 0.373463 2.619530 1.553780 -2.946822 -1.607649 0.086380 0.184900 0.098580 0.065187 -0.262365 0.613193 0.755328 -0.094295 0.509425 0.609426 -0.264515 6.132138 0.401283 -4.919086 -6.111306 -1.106093 
11.028299 2.228500 -3.657163 -6.714182 3.722587 -6.275487 -8.741566 8.494711 7.440592 -3.559906 2.204946 2.091346 -1.337514 -2.118582 -0.267953 1.352247 1.925742 -2.319993 -0.682163 0.377193 2.655579 1.532676 -2.925978 -1.599326 0.096355 0.185119 0.105278 0.064725 -0.262240 0.610689 0.755334 -0.090759 0.509407 0.609431 -0.265294 6.225595 0.395546 -4.967536 -5.988387 -1.101367 
11.018665 2.227147 -3.646079 -6.719936 3.741036 -6.290572 -8.700616 8.499730 7.434049 -3.580375 2.212643 2.081188 -1.338335 -2.116283 -0.270575 1.358515 1.917070 -2.314983 -0.683679 0.379468 2.669707 1.524651 -2.918215 -1.595700 0.100572 0.185202 0.108073 0.064575 -0.262188 0.609776 0.755337 -0.089306 0.509403 0.609433 -0.265589 6.261335 0.393265 -4.986181 -5.941688 -1.099772 
11.009757 2.225859 -3.635546 -6.725748 3.758617 -6.304564 -8.660646 8.504082 7.427437 -3.600638 2.220096 2.071545 -1.338895 -2.114013 -0.272567 1.364538 1.908835 -2.309972 -0.685120 0.382070 2.683320 1.517023 -2.910956 -1.592005 0.104756 0.185280 0.110862 0.064445 -0.262136 0.608930 0.755339 -0.087866 0.509400 0.609436 -0.265866 6.295369 0.391062 -5.004009 -5.897267 -1.098355 
11.001497 2.224640 -3.625508 -6.731594 3.775392 -6.317578 -8.621623 8.507865 7.420781 -3.620666 2.227307 2.062383 -1.339244 -2.111761 -0.274024 1.370333 1.901011 -2.304979 -0.686480 0.384952 2.696428 1.509764 -2.904171 -1.588255 0.108883 0.185355 0.113640 0.064332 -0.262084 0.608147 0.755342 -0.086443 0.509398 0.609438 -0.266127 6.327797 0.388937 -5.021073 -5.854922 -1.097090 
10.993820 2.223488 -3.615915 -6.737454 3.791412 -6.329710 -8.583515 8.511159 7.414103 -3.640439 2.234279 2.053673 -1.339422 -2.109519 -0.275024 1.375910 1.893569 -2.300022 -0.687756 0.388072 2.709043 1.502846 -2.897827 -1.584460 0.112942 0.185426 0.116403 0.064235 -0.262033 0.607422 0.755344 -0.085035 0.509398 0.609441 -0.266373 6.358708 0.386893 -5.037420 -5.814480 -1.095954 
10.986671 2.222402 -3.606730 -6.743310 3.806721 -6.341045 -8.546294 8.514027 7.407423 -3.659944 2.241016 2.045388 -1.339462 -2.107279 -0.275631 1.381283 1.886485 -2.295113 -0.688946 0.391397 2.721175 1.496245 -2.891894 -1.580632 0.116926 0.185494 0.119148 0.064152 -0.261982 0.606751 0.755346 -0.083644 0.509398 0.609443 -0.266606 6.388187 0.384928 -5.053093 -5.775790 -1.094927 
10.980000 2.221381 -3.597918 -6.749148 3.821360 -6.351656 -8.509931 8.516523 7.400755 -3.679172 2.247521 2.037500 -1.339390 -2.105039 -0.275899 1.386461 1.879738 -2.290265 -0.690049 0.394898 2.732840 1.489938 -2.886341 -1.576779 0.120834 0.185559 0.121874 0.064081 -0.261930 0.606130 0.755348 -0.082269 0.509399 0.609446 -0.266824 6.416310 0.383039 -5.068132 -5.738719 -1.093991 
10.973766 2.220421 -3.589450 -6.754955 3.835361 -6.361606 -8.474400 8.518692 7.394115 -3.698115 2.253798 2.029987 -1.339227 -2.102796 -0.275873 1.391452 1.873307 -2.285485 -0.691067 0.398547 2.744049 1.483905 -2.881141 -1.572909 0.124663 0.185621 0.124579 0.064021 -0.261879 0.605556 0.755350 -0.080913 0.509401 0.609448 -0.267030 6.443148 0.381224 -5.082572 -5.703153 -1.093130 
10.967931 2.219519 -3.581301 -6.760721 3.848757 -6.370954 -8.439675 8.520570 7.387513 -3.716770 2.259851 2.022826 -1.338989 -2.100548 -0.275591 1.396264 1.867171 -2.280781 -0.691999 0.402323 2.754817 1.478129 -2.876267 -1.569028 0.128416 0.185680 0.127261 0.063972 -0.261829 0.605024 0.755352 -0.079574 0.509404 0.609451 -0.267225 6.468767 0.379482 -5.096446 -5.668987 -1.092330 
10.962464 2.218674 -3.573449 -6.766437 3.861576 -6.379749 -8.405730 8.522189 7.380959 -3.735133 2.265683 2.015995 -1.338690 -2.098295 -0.275084 1.400904 1.861313 -2.276160 -0.692848 0.406204 2.765157 1.472592 -2.871694 -1.565142 0.132093 0.185737 0.129918 0.063931 -0.261778 0.604533 0.755353 -0.078252 0.509407 0.609454 -0.267408 6.493229 0.377808 -5.109785 -5.636131 -1.091579 
10.957333 2.217883 -3.565875 -6.772095 3.873844 -6.388038 -8.372542 8.523575 7.374463 -3.753204 2.271299 2.009477 -1.338341 -2.096039 -0.274380 1.405379 1.855717 -2.271624 -0.693616 0.410173 2.775085 1.467281 -2.867401 -1.561257 0.135698 0.185791 0.132550 0.063899 -0.261728 0.604080 0.755355 -0.076949 0.509411 0.609456 -0.267581 6.516593 0.376201 -5.122617 -5.604501 -1.090866 
10.950669 2.216859 -3.555705 -6.779909 3.890140 -6.398867 -8.327303 8.525165 7.365476 -3.778011 2.278808 2.000840 -1.337785 -2.092873 -0.273108 1.411378 1.848291 -2.265425 -0.694558 0.415846 2.788318 1.460196 -2.861818 -1.555827 0.140626 0.185863 0.136189 0.063867 -0.261657 0.603503 0.755357 -0.075154 0.509417 0.609460 -0.267806 6.547563 0.374057 -5.139782 -5.562139 -1.089915 
10.944552 2.215928 -3.546003 -6.787583 3.905467 -6.408880 -8.283440 8.526392 7.356632 -3.802244 2.285916 1.992735 -1.337166 -2.089704 -0.271551 1.417082 1.841306 -2.259407 -0.695352 0.421618 2.800806 1.453492 -2.856689 -1.550418 0.145422 0.185931 0.139774 0.063848 -0.261588 0.602988 0.755360 -0.073394 0.509424 0.609464 -0.268014 6.576626 0.372031 -5.156071 -5.521857 -1.089001 
10.938928 2.215083 -3.536735 -6.795107 3.919882 -6.418163 -8.240891 8.527299 7.347944 -3.825906 2.292637 1.985120 -1.336499 -2.086536 -0.269754 1.422504 1.834728 -2.253573 -0.696006 0.427456 2.812589 1.447138 -2.851967 -1.545042 0.150091 0.185995 0.143302 0.063841 -0.261519 0.602530 0.755362 -0.071670 0.509432 0.609467 -0.268206 6.603915 0.370116 -5.171545 -5.483498 -1.088104 
10.933750 2.214319 -3.527868 -6.802473 3.933438 -6.426791 -8.199601 8.527918 7.339423 -3.849002 2.298982 1.977959 -1.335793 -2.083375 -0.267755 1.427659 1.828524 -2.247924 -0.696526 0.433329 2.823702 1.441106 -2.847611 -1.539706 0.154639 0.186056 0.146771 0.063844 -0.261450 0.602123 0.755364 -0.069981 0.509441 0.609471 -0.268383 6.629548 0.368305 -5.186260 -5.446923 -1.087213 
10.928974 2.213629 -3.519374 -6.809673 3.946186 -6.434828 -8.159514 8.528279 7.331077 -3.871539 2.304967 1.971217 -1.335055 -2.080226 -0.265587 1.432559 1.822663 -2.242458 -0.696922 0.439211 2.834181 1.435373 -2.843584 -1.534419 0.159069 0.186114 0.150181 0.063857 -0.261383 0.601764 0.755365 -0.068327 0.509450 0.609475 -0.268546 6.653638 0.366594 -5.200265 -5.412007 -1.086314 
10.924564 2.213010 -3.511230 -6.816702 3.958174 -6.442334 -8.120580 8.528405 7.322913 -3.893525 2.310605 1.964865 -1.334292 -2.077095 -0.263277 1.437217 1.817121 -2.237172 -0.697202 0.445080 2.844060 1.429916 -2.839854 -1.529187 0.163386 0.186168 0.153530 0.063878 -0.261316 0.601447 0.755367 -0.066708 0.509460 0.609479 -0.268697 6.676288 0.364976 -5.213608 -5.378643 -1.085400 
10.920486 2.212456 -3.503411 -6.823558 3.969446 -6.449359 -8.082746 8.528317 7.314936 -3.914969 2.315910 1.958873 -1.333506 -2.073989 -0.260848 1.441645 1.811871 -2.232063 -0.697373 0.450917 2.853372 1.424716 -2.836391 -1.524018 0.167594 0.186220 0.156818 0.063907 -0.261250 0.601169 0.755369 -0.065123 0.509470 0.609482 -0.268836 6.697597 0.363446 -5.226332 -5.346732 -1.084463 
10.916711 2.211963 -3.495899 -6.830237 3.980046 -6.455950 -8.045968 8.528033 7.307150 -3.935880 2.320895 1.953217 -1.332701 -2.070914 -0.258322 1.445854 1.806892 -2.227126 -0.697445 0.456705 2.862149 1.419754 -2.833170 -1.518917 0.171696 0.186269 0.160044 0.063944 -0.261184 0.600927 0.755371 -0.063572 0.509481 0.609486 -0.268964 6.717654 0.362000 -5.238475 -5.316186 -1.083497 
10.913211 2.211527 -3.488675 -6.836739 3.990012 -6.462146 -8.010198 8.527568 7.299557 -3.956270 2.325574 1.947873 -1.331878 -2.067875 -0.255716 1.449855 1.802163 -2.222356 -0.697425 0.462430 2.870421 1.415014 -2.830167 -1.513889 0.175693 0.186316 0.163209 0.063986 -0.261120 0.600718 0.755372 -0.062055 0.509492 0.609489 -0.269083 6.736543 0.360633 -5.250076 -5.286925 -1.082500 
10.909963 2.211144 -3.481723 -6.843062 3.999384 -6.467985 -7.975394 8.526936 7.292160 -3.976148 2.329959 1.942819 -1.331039 -2.064879 -0.253047 1.453658 1.797667 -2.217747 -0.697321 0.468079 2.878217 1.410480 -2.827363 -1.508939 0.179590 0.186360 0.166312 0.064035 -0.261057 0.600539 0.755374 -0.060571 0.509503 0.609493 -0.269192 6.754345 0.359341 -5.261167 -5.258877 -1.081467 
