-1.531837 -0.670124 -2.326381 0.967018 1.404742 -0.232296 -0.348783 2.164225 0.342247 1.426652 
-1.768553 -0.840832 -3.154740 0.251527 1.125543 -0.443538 -0.303831 2.362345 1.307079 2.856306 
-4.281994 -2.169702 -6.338046 -0.931464 -0.013114 -1.769781 -0.929787 5.038524 4.242037 7.182017 
-5.259608 -2.606768 -8.102093 -1.226942 -0.465539 -2.225718 -1.329336 6.192592 5.319978 8.441397 
-5.590044 -2.758826 -8.473496 -1.180120 -0.596466 -2.355984 -1.560153 6.703311 5.842258 9.025608 
-5.917407 -2.927886 -8.706044 -1.184782 -0.683402 -2.514822 -1.704936 6.844294 6.018710 9.374009 
-6.223569 -3.010135 -8.860096 -1.237982 -0.687183 -2.645125 -1.727265 6.929512 6.140705 9.516200 
-6.526183 -2.995436 -8.944506 -1.306555 -0.621337 -2.759429 -1.657166 7.005516 6.345386 9.514523 
-6.752261 -2.966261 -8.976622 -1.380157 -0.563403 -2.863976 -1.592533 7.061675 6.564104 9.491804 
-6.913380 -2.945852 -8.994020 -1.449763 -0.525728 -2.952186 -1.548977 7.109802 6.750119 9.477581 
